Adipocyte progenitor cells	Adipocytes	Airway smooth muscle cells	Chondrocytes	Fibroblasts	Monocytes	Myoblasts	Myocytes	Myoepithelial cells	Myofibroblasts	Pulmonary vascular smooth muscle cells	Satellite cells	Smooth muscle cells	Stromal cells	Vascular smooth muscle cells	other	barcode
5.496373336263794e-07	1.3722900230939068e-17	0.00014210402367188508	4.7694582248386706e-11	3.1625745634625454e-28	1.2000921522945992e-09	2.220666351009964e-07	5.740493070176172e-12	7.244916517479394e-08	1.036721168573391e-06	0.005794884851039204	4.3059611124607866e-10	1.3018712009036476e-24	9.30492276564874e-08	8.63841162919009e-06	0.9940523971059873	GACTCTCCACAAGCTT
1.4764589360786094e-06	2.56343219370313e-20	0.00012651143853679216	4.292141400890172e-12	1.2128286293149621e-32	4.78713553309671e-08	2.3168770438716212e-20	1.6369772010653975e-38	1.6029560235600704e-05	2.7834656868161423e-07	0.005794891750632929	8.449715364595403e-08	6.415722858679102e-20	2.6073471946537447e-08	7.07333909390431e-06	0.9940535806597348	TTGCCTGGTTTACTTC
2.0085811429887817e-07	4.208290001623844e-19	0.00036776792757337945	2.5676723973845376e-09	1.281213598318879e-07	7.047497846204627e-08	3.686370639991101e-18	8.75715234200071e-28	5.302292270069214e-06	3.431963893787977e-05	0.0057932114333123	2.0044518839914205e-08	7.91964186485041e-16	1.334470198691549e-05	2.0292289232201454e-05	0.99376533965005	TGATTTCCAAATTGCC
2.5751427191101844e-06	5.557250146723309e-18	0.00014136438435585652	2.547138459242024e-12	9.274705044923596e-26	6.827521451603331e-10	9.017030320124095e-20	4.5525835899978626e-30	1.2561222792637696e-07	2.4592721496300684e-06	0.00579480969814576	8.392136556698971e-11	1.5097527635367882e-27	9.345385696673296e-08	1.9066260769237936e-05	0.9940395054065321	CAGTGCGAGATACAGT
9.057019187958848e-07	6.118112509614625e-18	0.00012956988829680502	6.35490946723301e-12	5.3644706719259995e-30	2.7156452799482506e-09	9.558619644329242e-17	1.1183100309350599e-22	2.2884734095573613e-07	1.8866644413045427e-07	0.005794966454687193	2.664996770959346e-08	3.171032813023793e-25	3.459439112726595e-07	7.369759950069564e-06	0.9940663953654836	ATTGGGTCAGATGCGA
9.447312961348254e-07	1.4829142510150256e-12	0.0002622450702547916	1.4015195331640233e-11	9.895015468698549e-43	1.939763154992452e-10	4.808157635036306e-19	2.030832044327503e-20	8.480456891908498e-08	1.703642658611498e-07	0.005794104155591677	9.289873268270658e-10	2.22408130331311e-16	4.109704676972289e-08	2.3931739919857953e-05	0.9939184768986024	ATCGTGAAGTAAACGT
8.041250212495279e-07	4.515234615306378e-18	0.00012923334028032708	2.04812021529649e-10	2.676066547810923e-26	1.338614552789306e-10	2.0622393421796996e-19	1.9850796094770833e-31	9.22271532221731e-07	1.4686851139636008e-07	0.005794964280270657	6.446980058512107e-12	3.6107198918755653e-19	5.69519468103786e-07	7.336882891475993e-06	0.9940660223668779	TCTATACTCCTTACCG
9.438413067089502e-07	4.0992009024831396e-18	0.00013309865444988307	1.4437675774877352e-11	5.5544357085716974e-39	4.715809487930278e-09	2.7377889696423463e-19	5.063425165193132e-38	2.3616052766627582e-07	1.9148160657904426e-07	0.00579493263939347	2.58646378630217e-09	2.6115446434182018e-17	2.276957761076739e-06	7.718245687221152e-06	0.9940605947025458	ATTATCCTCAGTCACA
4.1826402068682547e-07	9.585598806896049e-21	0.00013950135030406754	1.871914376647498e-10	1.9334718419089698e-29	3.457423857085994e-10	2.9986304508730743e-19	7.587454595366102e-21	2.475873069406432e-06	7.704915811226856e-08	0.005794893447061891	1.1611894339516039e-08	2.8399952055286285e-19	3.822824591766171e-07	8.367924593209485e-06	0.9940538716645294	GTGCGTGCATCGAAGG
2.531193915630628e-07	3.0414134968461605e-17	0.00013374719617852571	2.8164382377992797e-12	6.36176672259316e-41	2.0270159581634073e-10	1.0531486150591481e-17	2.5227864419426078e-17	7.76965147778057e-08	4.444009369002229e-08	0.005794893247505491	1.1644740063255823e-09	3.8058724393097065e-17	2.4073325789642055e-07	1.6904764346854594e-05	0.9940538374326986	TTTGATCAGTAGACAT
8.599195872038661e-19	2.0110966643825993e-25	8.151979798046112e-16	4.18613296218752e-19	6.435703719020433e-24	0.9999999999978968	2.2797715992131045e-19	6.658323179543297e-40	7.171690103722124e-18	8.075990591747844e-17	1.1175220019762865e-14	2.1980331750144834e-21	8.614978020059844e-34	1.6452325972097811e-13	4.8306434607376196e-17	1.9169930955297496e-12	ACAACCAAGGAGAGGC
0.0002558767850316695	1.93829524828469e-17	0.00014061776043519292	4.876212357656227e-12	2.1197604451360825e-25	2.9177140794819168e-09	5.395734766612132e-18	2.5436517868667954e-21	3.724301496087564e-05	7.026933779402385e-07	0.005793202749749271	2.707723400411292e-10	5.302782041486288e-15	1.8453195713633496e-08	8.48527498970029e-06	0.9937638500748703	AACTTCTGTCGTAATC
1.172440107419416e-15	1.1263081045000826e-27	2.801631468379318e-13	2.513891160830104e-21	2.0754775124416925e-33	0.9999999978825258	1.9666437662430873e-18	6.69530421663403e-36	1.628652278799571e-16	1.3878659133793172e-15	1.2270578680696049e-11	3.488310688486338e-18	5.522048231166854e-25	5.313802728608915e-16	1.6177082902791623e-14	2.1048905137840868e-09	TCTAACTAGGAAAGGT
2.045681377438016e-07	8.439611288489663e-20	0.00013399999361539525	2.8417358845436306e-10	3.6956932264739253e-29	1.0464643989368006e-09	6.52128904252725e-07	5.143998825025272e-28	6.125991945774839e-07	2.9796743802172463e-07	0.0057948858633421335	1.2608396348481727e-09	7.763338122398751e-15	8.965145333712241e-06	7.808386485767916e-06	0.9940525707560562	AGACAGGAGAATTTGG
1.2645560695178087e-06	2.4924094713656004e-19	0.00012054330220892678	2.396830430267622e-12	1.4716531565172136e-29	2.3431312135445586e-10	9.055596765149713e-20	1.1725057520910212e-20	2.699521301583096e-08	3.287396944510363e-07	0.005795019867070715	1.0045275357347157e-10	3.534946250329549e-18	7.489914939189143e-07	6.509505142606163e-06	0.9940755577059339	CTTCCGATCTGGCCTT
2.394694148338422e-07	1.1666129568062886e-15	0.00014018554275262594	8.44645798465576e-13	1.3308545431419369e-20	6.216209806271087e-07	4.5816708118948915e-08	9.658161094319276e-18	2.7190494210415787e-07	1.259533485112388e-07	0.005794841119351684	2.553866879135433e-09	4.561132306357014e-16	4.896675730605265e-08	1.8721662488661e-05	0.9940448953885372	AAGCCATGTTCTCGTC
3.6026006768688745e-06	4.3595947704055136e-17	0.00013689570199437812	1.1837142942724403e-10	4.8014926108825085e-27	2.085392989003886e-09	8.481971849049986e-10	2.0898605434144318e-31	1.4197570197735577e-07	1.0165806148954279e-07	0.005794834128617108	9.292622047992724e-11	9.302323323198309e-28	2.9447809624084994e-06	1.777980855694168e-05	0.9940436962005219	CCCGGAAAGGCCCGTT
4.1625704602667744e-07	5.511671394496825e-21	0.00012145232053396893	3.017720620249011e-12	1.2322172880149806e-28	3.9978710795280157e-10	8.920086492964631e-21	3.239059210832814e-27	1.966433561669197e-07	5.348103181563546e-06	0.005793785593802938	0.00019890213205802154	6.708898783109448e-26	2.333207476763386e-06	1.3734412183765842e-05	0.9938638309275671	TTGTTCAAGTTGCCCG
8.798614737415236e-07	9.801738462651779e-18	0.0001300818023971775	1.477116562162772e-10	8.310965729246947e-30	3.3541471849740842e-09	0.001572991643933016	3.0149623709910847e-22	1.6575850588122259e-07	2.0659334302433671e-07	0.005785799119565573	1.558630501610808e-10	1.1026618668140704e-17	8.981572089723134e-08	1.5947646984381673e-05	0.9924938341003385	CCTAAGACACGCGTGT
1.2168182571719326e-09	4.6598431388282584e-17	1.9173268327310913e-07	6.998481185353482e-14	1.4973980315341864e-35	2.1521930671006032e-10	0.058463328847432244	0.9410797332653572	2.2805254309403167e-11	4.463741672462074e-09	2.6471249897372375e-06	4.4929742347606507e-13	1.7178265673935678e-09	2.3087507976628207e-10	4.32320647832735e-09	0.000454086838501299	ATGCATGGTGAATTAG
8.162097347989231e-07	2.892939369771347e-18	0.00012090880989071146	4.918135369380264e-11	1.4243019862140844e-10	9.58211390666408e-10	5.919026280067749e-09	4.3590256284713754e-36	1.0275901529098324e-06	4.418903592193649e-06	0.005794192082493478	5.258347384427766e-09	6.253688031098264e-16	1.007341856564509e-06	0.00014405688835483123	0.9939335598467112	CTAACTTTCTTCGTGC
1.4589234998298641e-06	8.15117094933817e-15	0.00014488275396032043	6.11631668142316e-11	8.958747501843225e-38	3.052375272257152e-09	9.374631255692977e-19	4.376739750309208e-38	3.8203467596921073e-07	1.4629098634548764e-07	0.005794864909733096	2.539384787896959e-10	1.7391336507870023e-18	3.540590357440049e-07	8.931278880695489e-06	0.9940489763817372	TCAGCAACATGATCTG
6.013239590943794e-07	9.559964424953874e-18	0.000130939771981624	3.8018663069386216e-11	1.1487379141653918e-27	1.6032978179170535e-08	1.7330040793922725e-17	4.08239385280726e-19	2.2322746080471576e-07	1.4280793964099358e-05	0.005792608065112465	3.870256228410451e-09	5.157877273367803e-10	1.6369474308691636e-06	0.0003978513200884627	0.9936618380929354	ACTGTCCTCACTCGAA
2.0525161313579136e-07	3.1421180780160877e-17	0.00012861308152873005	2.352346048559991e-12	1.9053054110615002e-38	4.205802220534237e-09	6.860917647209227e-17	2.2056058272460234e-17	5.727200835365913e-07	2.816629820689044e-07	0.005794918323179493	9.06419949186096e-08	2.8253208598629974e-26	1.6421751656665418e-06	1.5533030786190737e-05	0.9940581389045124	ACTATCTTCGAGTCTA
8.232431963614233e-46	1.6949582267444228e-54	6.022907560487752e-48	4.408037310391166e-50	1.0	7.83479380370747e-18	1.3278114335226016e-53	2.5856381278051645e-84	1.4630864080918675e-49	2.1561538199923806e-45	2.499471475016595e-46	1.3668389901410451e-52	1.1657422806719946e-55	5.839275002270323e-34	2.036055133082911e-48	4.2875840937421156e-44	ACACTGAGTTCAGCTA
2.635262207717651e-07	2.3955539495213747e-16	0.0001272508430165603	5.4795192171959e-10	1.4841542827413348e-22	4.398216259575311e-11	1.4539967134994622e-19	3.3658653127404084e-30	3.5569378901862055e-07	4.1113508465682923e-07	0.005794664029470354	8.175653611537127e-12	1.1690650131602768e-15	3.0509034677829587e-05	3.2027681652506e-05	0.9940145174560046	CGATCGGCATCGATGT
6.932535850103719e-07	1.910024815283045e-17	0.0009882665393401136	4.69732472007699e-12	1.166990657978076e-28	5.384534929250653e-09	5.107851255918898e-16	6.933600704811118e-27	1.1578191633154902e-06	7.041164255734342e-07	0.0057899091064280315	1.438867257829189e-09	8.98938900573565e-27	9.344143058959487e-08	2.0309173852876666e-05	0.9931988597216792	ACGATGTAGGCCCAAA
6.417226200422172e-07	1.5651016314819805e-17	0.0001368743338004623	3.4654350743763363e-12	6.360679968583725e-25	5.818650438214649e-09	1.5862579294709242e-18	6.065744359318754e-20	2.063809428119241e-07	3.3245123039964746e-07	0.005794859881109309	9.762903039226364e-09	7.495150216945479e-14	1.182170935783155e-06	1.7773700816802266e-05	0.9940481137734785	TACTTGTCACAGGATG
1.601973187580198e-06	2.5318598915080446e-16	0.00013460508916524294	3.0051423933637806e-10	5.079509365966325e-28	4.094330925252094e-08	9.365216374974e-16	1.3471544115327701e-38	1.4909713123543323e-07	5.639898610844096e-07	0.005794918925958959	7.727457898030678e-11	1.110430258683318e-16	2.0082129149628128e-06	7.869085580063735e-06	0.9940582423050784	GAAGGACAGCACCTGC
4.704623890567323e-05	4.4384075156208076e-18	0.0003504783960972289	8.977603878072577e-13	3.995996459026466e-29	2.444300212245264e-06	2.1031510774488954e-19	2.1892907209220884e-20	8.76652474109796e-06	3.762757073988513e-07	0.005793289194359251	2.0671500051613965e-11	1.882686174465963e-26	6.015827376505268e-08	1.886013893372384e-05	0.9937786787511902	CCTCCTCGTAACGTTC
7.162448167356796e-07	3.354652319869129e-15	0.00618410097443502	8.998799854954748e-08	2.290414095249926e-07	9.601852125955345e-07	1.5945607029156783e-17	1.5870124138213214e-30	7.996184538720492e-06	0.0001465050367920638	0.005754635610772447	3.020216844927629e-11	1.9522273493252844e-14	2.179837709494494e-07	0.0007564913545649172	0.9871480573654504	AATGACCTCGAAGAAT
1.5307262076116753e-07	1.439529164017316e-18	0.0001433137732323586	8.871709984213437e-13	7.72805922749094e-30	5.3035348240761556e-11	1.1945440903901113e-18	1.8911290695460785e-26	6.308530955348673e-08	9.24326395447609e-08	0.0057948865954407895	7.009352488611742e-10	9.746202975290834e-13	2.8563435070000787e-08	8.765381508174537e-06	0.9940526963399882	ACTGTCCCAGAACTTC
2.5433556793030793e-06	3.77156817916615e-17	0.0027726656662634738	6.997713715409281e-11	3.9230765839912342e-25	2.8651290693846266e-09	1.0310561579701207e-14	1.296072523154625e-24	3.439353752716678e-08	3.5477254940550875e-06	0.005779608532599776	1.269977751503272e-06	2.519756056177758e-27	2.551729605453846e-08	8.398786968166512e-06	0.9914319031092957	AGGGTCCCAATGTGGG
4.585798424368415e-07	3.09929189886797e-17	7.274296433832451e-05	2.38881699649686e-12	1.8429222740502888e-19	0.4471284291801156	8.178167341185632e-19	2.8990143403781804e-27	7.925899249227628e-08	4.518949878382613e-07	0.00317804882483229	3.767069636504639e-11	6.447058301357991e-19	0.004438903212294043	1.9569874821169392e-05	0.5451613161697026	CCCTCTCAGGCGCTTC
9.094812121424622e-20	2.4930833355927195e-29	1.053171793085458e-17	1.733037146472074e-23	3.9498837818819255e-37	0.9999999999912461	3.354282243253385e-33	2.144043341690973e-43	3.3113034968176454e-20	1.072824096351868e-20	1.7311338786698633e-16	2.209965052745449e-25	4.215134843519568e-31	8.729931254801083e-12	1.255890720418585e-18	2.9695806319508887e-14	AGCGCCATCCTGCTAC
1.0903877249239754e-06	1.782448645863426e-19	0.00013840405205561057	1.8025793786624682e-12	9.081363478288595e-29	8.53325503255785e-08	7.398162310447972e-17	9.5516493968731e-25	1.2560085584555884e-05	7.192577433892358e-05	0.0057943360568813605	2.939010955827644e-09	5.58979808175596e-15	1.5082637985733886e-05	8.255572265922471e-06	0.9939582571597857	TTCGGTCCAATGTCAC
7.803615641694534e-06	1.0193600780364016e-16	0.00032556475503936336	3.493019407877183e-09	2.3808001693895764e-28	1.4502362119698582e-10	4.849095788746663e-17	4.8560525430535e-30	1.7327395474199492e-05	5.3288551775602256e-08	0.005792740780074347	0.0001648311301744303	4.855102326960564e-20	5.510488130350816e-08	7.01632384963538e-06	0.9936846039682515	CATCCACTCTCAATCT
6.086339959706222e-07	2.062279314483891e-17	0.0001295292179667768	3.2965223609875075e-10	3.904846900513681e-40	7.894234361913559e-09	2.652525604798326e-19	9.170243569281249e-38	1.1222540601557687e-07	1.1295503952802561e-07	0.005794920986254552	1.8149112220153767e-09	7.150293951816318e-15	3.3736665207143605e-07	1.5772848476969234e-05	0.9940585957274201	CCCATTGCAAGGGTCA
1.178040840481416e-06	3.7816776252503555e-18	0.0001402207684987206	2.8011391730650542e-11	9.518261189582574e-39	9.382276499780456e-11	1.6450915511549565e-17	1.4177895341767931e-31	5.722824577530564e-08	2.1830113718093602e-07	0.0057948756547356135	1.9361117031391815e-10	2.295677914047633e-18	4.187772726035644e-06	8.442342906379159e-06	0.9940508195754818	CACGAATAGTATTGCC
2.4830359593081136e-06	4.2419479248647673e-16	7.045986600000062e-05	5.1153493669018255e-12	2.7850616066573053e-15	0.506585666321219	1.2403758468358254e-08	1.3048466566571404e-28	8.230607588977652e-07	5.3181576370795955e-08	0.002859262587956759	1.5028635547416945e-11	5.4345840609192704e-14	9.777660443245657e-08	4.298361556220209e-06	0.4904768433844168	ACGATGTGTAGCTTTG
6.81917714496206e-06	4.803510019219668e-19	0.000137647578271389	4.450707373383146e-11	3.4385787463597336e-31	4.3898675689421576e-10	2.381979357782131e-19	1.371946879074889e-30	2.0499324698636506e-07	9.661774795945121e-08	0.0057948831041330475	2.6763084816837686e-10	9.329381715188898e-27	7.279395229118758e-08	8.177542053670305e-06	0.9940520974423535	CTCAGGGCACAAAGTA
3.776306411679426e-07	5.065704546053009e-19	0.013532096855901548	1.4006371846081503e-12	3.0433699029500816e-27	2.5798768105385335e-07	2.8940522692533152e-08	1.10502414161956e-29	2.662410913590094e-06	4.058864770995781e-06	0.00570816549826655	3.057095210510873e-11	7.262572831529042e-24	2.2270755152803748e-07	0.0015755375624877885	0.9791765915093191	ATGGAGGTCGTTGTGA
2.750607793806374e-07	1.9537253324210367e-17	0.0001425049529892756	5.745753711862461e-12	9.239839677653937e-26	1.7670415908750465e-06	2.3844321383261554e-18	4.053328018417702e-21	3.185738712924409e-08	5.927512051974883e-07	0.005794877736891979	1.3088370170968162e-10	1.314713759524645e-14	9.330203500628307e-08	8.680412664781601e-06	0.9940511767478122	ATTATCCCAGGCTATT
1.9533165844507364e-07	1.0641612881348369e-15	0.00013264548564013604	3.019479729590098e-10	1.5421308178651787e-35	5.50156863434184e-09	0.0005022718848276129	5.7686448321399996e-08	8.109039885282175e-06	7.818402989982054e-06	0.005791946687422476	2.3283067563005315e-10	1.863996567036518e-16	8.878773756774398e-07	7.675958001843617e-06	0.9935483856094044	TCTTGCGAGCTACTGT
1.242121256620881e-06	1.0915067492386317e-18	0.0001308497209265789	2.8526152366563268e-08	1.0793648719383968e-22	1.835728773175096e-08	2.1755577961325578e-20	6.086785559063748e-40	1.77783061837273e-07	2.229767132653003e-06	0.005793545261898292	3.961588524091662e-11	2.056860503674824e-15	0.0002331772239249459	1.612671692193305e-05	0.9938226044818212	TAACCAGAGGTTACAA
1.9184934282204908e-07	9.348062071072875e-18	0.00013292027346314435	2.9608305520673036e-11	2.6884177264144603e-28	1.7744690710330066e-08	3.069862431766802e-18	9.241551342680145e-37	3.842646275060521e-07	1.547382030574551e-06	0.005794874626349512	2.345111816986595e-10	4.126985409743364e-15	2.7411085818218596e-06	1.6679320280451826e-05	0.9940506431665116	GGTGTCGCAGCTGAGA
5.069466760458371e-06	6.383097771121026e-20	0.00014199614072649017	1.6990292998591304e-10	2.232704479027081e-31	7.910386709935928e-10	1.2411488259339763e-19	7.469079998381857e-21	4.8688374971707825e-08	1.2418728750571923e-07	0.005794801669586354	2.6052439817001256e-11	7.705506221017394e-19	5.782685381462008e-07	1.9252401275122872e-05	0.9940381281904306	GACAGCCCAGTAGATA
7.565333157216263e-06	1.6398951604625002e-18	0.00012789145164312013	1.360704804707199e-11	2.4239738401512052e-29	8.963399662721177e-11	3.330192047337222e-19	7.950149792881954e-13	6.382029834677053e-08	4.2847968223435347e-07	0.0057948648089100364	3.040929124925481e-11	2.848069295334639e-17	4.881084446615363e-06	1.534580084745342e-05	0.9940489590865867	CTACTATCAACCGCTG
1.922439925667856e-06	4.206617356637188e-18	0.00013114422644380314	8.434579599095013e-11	1.3921227104545884e-29	1.431788434570092e-09	2.4949978378053286e-19	2.569549863561254e-14	2.840278281581613e-07	2.566394797640482e-06	0.005794926923042937	1.6420359807291789e-06	4.388879794824591e-18	3.7390668871946306e-07	7.524407223151617e-06	0.9940596141218965	TCGGATATCCGTAGGC
1.4137963244759723e-06	5.462605958089361e-17	0.00013034163131983928	5.627330690373826e-11	5.621180856515194e-28	2.9107730080069276e-09	2.0457982153928907e-06	6.909860860373207e-25	2.607564194544559e-06	4.4150605667957616e-05	0.005794678597732968	8.733396110230434e-10	1.9701301906145203e-12	2.960267833796107e-07	7.445647050757243e-06	0.9940170164903678	TAGGGTTTCTCTCAAT
2.3180106657008187e-06	4.270803845142452e-18	0.00012605931385094201	1.0125816052320812e-11	2.961758500665189e-29	1.0501993112735296e-10	6.974864929131021e-09	1.2376999674508793e-28	6.15262726102337e-08	2.0150652730356447e-07	0.00579497955199077	2.579434203528086e-09	6.746782958557096e-17	6.984830574228144e-07	7.029866095763121e-06	0.9940686420720795	GACTTCCGTCGTACAT
2.9782178414723504e-07	1.0683303732577911e-17	0.00014179892243658374	7.505228465748782e-12	1.7042124168582078e-32	2.9628433549663687e-09	3.672980168296423e-17	4.904259406315909e-18	3.4256739962602973e-07	1.1706139053185793e-07	0.005794893558438817	5.865018006203117e-11	3.98472977743791e-16	4.976931281891415e-08	8.606500154882419e-06	0.9940538907700859	TCTGGCTTCTCGCTTG
1.2254233842125743e-10	1.1076247999353546e-20	2.901256905542334e-08	1.0625322629498443e-13	4.8806847717360166e-24	0.9996510036779498	3.6047751518238006e-11	9.094721795457083e-26	8.279223723253383e-11	1.0156954812945375e-10	1.2389572762120574e-06	2.380238452985026e-13	1.1529595310170233e-18	0.000135188309463122	9.428026980931457e-09	0.00021253027143578848	ATTACTCTCATTCATC
6.683011629255012e-07	2.7971268082993292e-18	0.00013337055151618678	1.3154658559733525e-11	1.357974364982623e-22	1.4741047692626417e-09	1.6304771229365935e-09	1.2675637751576068e-32	4.6994838541516e-08	3.077105874628183e-07	0.005794943560394534	2.168755860949527e-10	1.02480447419397e-15	4.460954098585321e-07	7.745364437394197e-06	0.9940624680870161	CACTGGGTCAGCTTCC
1.0188800545742104e-07	1.2548873644144889e-17	0.014189090072570491	6.179973003018862e-11	1.9258151260278806e-29	1.3300406199720506e-05	0.00013204968648634354	1.913962595853605e-16	7.150667090691192e-07	2.6543429008112453e-06	0.005712071729118481	1.7838304285758453e-10	2.8159756846006605e-15	8.198377233558673e-08	0.00010326968385306039	0.9798466649002193	CAACCAAGTTAGGCCC
8.928448374114823e-08	2.3778399853127457e-19	0.0003272963301261641	2.6478701400788167e-09	4.752438403769455e-27	1.796408574046747e-08	3.6879749250261514e-17	3.8333258566391817e-28	1.3160541474441647e-05	9.103689714766716e-07	0.0057936903480011025	4.6347920844657304e-10	8.260060586921714e-27	3.4774443615032634e-07	1.6991808983266874e-05	0.9938474924980619	GCATTAGGTACTCGCG
4.58707912937871e-06	1.349478458415941e-18	0.00013507435272401138	2.1280293754549758e-11	1.6755489266520682e-36	7.127367942534521e-10	6.155640078473749e-16	2.603814102487927e-27	3.7690630411151767e-06	2.7562040331898806e-07	0.00579488874079343	1.8399186657860668e-09	5.650873677160804e-17	4.2186268010488304e-07	7.916354290392642e-06	0.9940530643529839	AACAGGGAGGTACAAT
1.886094632959289e-23	3.0775123002351665e-35	2.0513467506543254e-21	4.169717270026402e-26	1.0157818228899667e-36	1.0	5.650886917452673e-26	8.788047572198183e-48	3.1163717577642644e-24	3.468606118279122e-24	7.970486617802924e-20	7.06457092687619e-26	4.226687373563334e-36	5.3901102461667685e-24	7.60220865297086e-22	1.3672543169011088e-17	ATGTCTTAGAGGTGCT
2.1927724112910382e-07	8.78259781005016e-18	0.00012851625906348167	1.5700771796763932e-10	1.2282357616429873e-39	1.0214326812823285e-09	2.5390911720256483e-19	1.5140697609456965e-20	3.8331794444735836e-08	6.301458261106715e-08	0.005794962233581245	1.409668166556533e-06	8.780705330576156e-19	1.8517192502414223e-06	7.267039317700749e-06	0.9940656712785357	TCAGGTAAGTTCATCG
5.8831348437307795e-05	1.984679901669185e-17	0.00014969788797685924	1.8311358639291644e-12	1.4354437855264033e-27	2.331685035189361e-08	5.4840018030604074e-18	6.988994227538903e-36	4.934299885736062e-07	3.2109987816676985e-07	0.00579442958935596	2.560626441488796e-10	1.5862109189650654e-25	2.918042237609243e-07	2.1609579616851178e-05	0.9939743016857724	TACCGGGCATGACCCG
1.0604149073935633e-06	5.381538283996762e-19	0.00033150602839812545	8.650076253792621e-13	5.179110902066176e-33	2.6642163272215794e-09	6.2284401796897045e-19	6.285584873460559e-38	7.517588854331303e-08	1.304153358979607e-07	0.005793778202768487	8.646447281140207e-07	1.2944281127940573e-16	2.85159492250014e-06	7.16778569235252e-06	0.9938625630722598	CTTACCGGTAGGACTG
4.53119154196574e-05	6.931408955752516e-16	0.00013410066319198023	5.1393672311812995e-12	2.293284639092741e-26	1.1479313667375178e-06	6.225843515013255e-09	4.1470382911693075e-21	1.746249914892734e-07	7.237118144666748e-07	0.005794670070878502	3.7021627887459166e-09	1.571469571666929e-16	4.886698688971891e-07	7.818682398034957e-06	0.9940155537969165	CATCGTCCACTCCGAG
5.154951045077211e-06	7.360972452000174e-18	0.00013287488514343704	5.783428899734737e-13	2.1820913998166655e-30	1.2217480258004652e-09	6.93794327906296e-08	1.344847626051673e-16	2.4165954601886214e-06	3.3494173450558173e-07	0.005794709609765254	6.581299145622094e-10	2.6600525320761415e-17	1.480502036899999e-07	4.19534238964847e-05	0.9940223362828788	CTGAGGCAGAGCAACC
3.015418625540509e-06	1.5294623654423564e-17	0.00038701970360547895	1.1148507450551281e-11	9.282324053031742e-25	1.2249892188378062e-05	3.804251759349437e-19	3.3784376120069736e-32	6.802741558598598e-08	5.86015889593826e-07	0.005793064870033227	5.442889511958151e-08	1.7607879450890155e-27	5.513960843390611e-05	8.603784210769345e-06	0.9937401982395415	CTACCCACAATTGCTG
1.6863943652098836e-06	1.4820878924943053e-17	0.00014409411257967266	2.086206516328667e-11	4.351972970523049e-25	1.5217308752819058e-09	7.691107995211113e-19	2.28065354417984e-40	6.377755666176091e-08	1.1953646431237295e-07	0.005794867986071041	1.6888541179434724e-09	2.535183979536329e-26	8.131359746196458e-07	8.847729908968297e-06	0.9940495040956066	CTCCAACAGCACACCC
2.1785754239688703e-32	2.1907706786866508e-42	1.8891154568830432e-32	2.617870373647427e-31	4.754000361599781e-15	1.0	1.9202902656497292e-38	5.8458806742539345e-55	7.677023358425072e-34	2.5879069711259895e-29	8.08401300662463e-31	2.3868683950551126e-38	8.984450149641003e-40	4.209860457693945e-28	6.1214962450962366e-33	1.3867285915146527e-28	ATCCACCTCACCGGGT
6.551295526919328e-07	2.3649747682697322e-17	0.00014658217491389988	4.622758730201246e-12	4.0284629105357494e-30	5.1513865186884064e-09	2.6288737404267166e-19	1.2279268097471133e-32	6.986631770217864e-08	6.468764567636347e-08	0.005794308521070214	3.505646003400439e-11	5.622281461899645e-18	3.9095786952959957e-07	0.00010438979460169505	0.9939535336769589	TGCAGATGTCGAATGG
9.325815979595429e-07	9.294090586536223e-14	0.00013758058557703347	3.905971613120965e-10	1.085173153786066e-22	3.091157804574541e-10	8.680848747689943e-16	5.751620441803085e-13	0.0001064835665840103	4.412296114708609e-06	0.0057929971882928	2.642575625859668e-09	1.9629258602945022e-21	3.408642999352752e-07	0.0002286614356594849	0.9937285881389025	CACGTGGAGACGTCCC
3.3053595112859403e-28	2.848170715227843e-38	4.16430926579768e-25	4.448262870182185e-33	4.2760970809325894e-46	4.284514453724326e-24	3.4271453986394836e-32	1.0	4.204094263048696e-20	1.2903749272619082e-24	1.7544222514262678e-23	3.0399354057702865e-19	3.49186705619773e-16	2.5414548361913862e-27	2.47269221000849e-26	3.0095294201637384e-21	AGACCATGTTGGAGGT
4.321755260917034e-07	3.966719306809924e-15	0.0001432776692611635	1.598831311248385e-11	7.276239137050781e-26	1.4116334010753878e-08	3.575401380146817e-19	5.656175011644476e-38	2.408092022033052e-07	8.751665219392025e-07	0.0057948781145788384	7.75829337868941e-10	4.9691849279648435e-17	2.7802738435658885e-07	8.761593315194036e-06	0.9940512415360758	TACTGCCAGTCAGCCC
9.10557599803895e-06	2.2900895685856545e-19	0.000852943143326078	3.1589622293885956e-12	1.2829962817948644e-27	1.137423150748462e-08	1.507839539400698e-17	7.002310119018735e-40	4.229393944792929e-07	5.624754777575407e-07	0.005785154580216298	1.4305194087478715e-10	1.2730775919220143e-26	2.8454947516186005e-07	0.0009682451561361581	0.9923832700595256	TCACGCTTCCTCTAAT
1.0497994549428855e-05	2.1444824493300813e-19	0.0001326819056282858	1.8324613978348936e-10	2.8496948095558917e-26	1.027186932308384e-08	7.028498933215977e-19	1.8792136640018266e-32	3.857768548418619e-08	1.2355590128109284e-07	0.005794893714991852	4.589518041164989e-10	6.666863491968836e-19	1.5894297155370265e-07	7.676769084122904e-06	0.9940539176251355	TTGTGTTAGGTGCTGA
5.810672059545245e-07	3.0492609337520015e-19	0.00033985124986687275	5.044074923550578e-12	1.8963710038835702e-28	7.904899654770265e-08	6.859634471831037e-18	1.031913473505559e-28	5.565750624947328e-07	1.1061885288775257e-07	0.005793561126595098	5.358411097284457e-10	3.716643589905719e-26	3.1816715098066127e-07	3.961569933214425e-05	0.9938253259060247	TCACAAGCATGTTCAG
3.449123954970241e-13	7.30627822132967e-25	0.2876709035150425	6.118010690688011e-16	1.2349427787720096e-29	2.129002369055527e-14	1.308611100330879e-24	4.8520864009154475e-32	4.646695674859802e-06	0.0007617372001293321	2.2481279371719817e-09	1.0200793969065493e-15	3.1732759075836316e-10	1.3672325889359441e-11	0.7115623243666234	3.8564303215550264e-07	AGCTTCCGTCTCACAA
7.62357702755157e-05	2.999934947084917e-16	0.00013875394690118052	1.3009663488889825e-12	3.586991668038041e-17	5.15203812918935e-09	2.0303433219699644e-18	2.6925254889236683e-16	7.777601756433455e-06	1.9250528271993e-06	0.0057944021757771825	3.161631442521579e-08	1.5996867372330164e-17	2.9780702263997785e-06	8.291441957330966e-06	0.9939695991706409	ACCAAACGTTCGGTTA
1.22001997730348e-06	1.424298449231403e-20	0.03058199982027805	4.4818047324777354e-12	1.0723339694591863e-27	1.3126075616358455e-07	1.1544055268420026e-17	1.9502962231009573e-18	7.765720184029496e-06	5.59646834649679e-06	0.005615116883194898	2.047218821484926e-10	5.731122595595507e-15	1.5018517029728715e-07	0.0005729528264799791	0.9632150666064075	TGTGATGCATGCCGAC
1.4262351994689834e-06	9.8169521481073e-18	0.00038499641009232666	1.3485785885139018e-10	9.3218610137463e-28	1.4752949295749913e-08	1.8222622482420703e-18	1.7879089437546338e-38	4.83586678602651e-07	4.2197321917227834e-07	0.005793472444106651	2.5727638578648557e-09	3.8556839017382744e-16	5.177638667894052e-07	8.550781422881273e-06	0.9938101133448627	AAAGTCCTCGCCACTT
6.771289823242387e-12	9.360003140562957e-21	1.1647774943574241e-07	2.488551640307182e-15	3.1768260179126022e-27	3.147279854207341e-11	3.1027651624952085e-09	0.9999488831578204	2.6804979210399372e-11	1.0292960218965887e-08	2.954942644496195e-07	1.2904031392999228e-14	7.002979487114498e-16	1.3144349338360693e-10	2.3014375368563494e-09	5.068897647802935e-05	GGGAGATCAAAGTATG
8.715309022985796e-86	1.7971759032260307e-61	1.7215577960615766e-83	5.039129488085159e-84	1.0	4.704524467081294e-70	2.907099274405968e-86	5.999269800646835e-99	9.431415235489314e-87	2.2169234207839734e-83	5.622799947954788e-82	5.3827871372826485e-86	2.35154029326719e-90	1.8117464802500732e-81	1.2295952728607823e-84	9.645330166844527e-80	CATACAGTCTGTGCGG
4.6983286018756207e-07	3.532510714728596e-18	0.000166173776641203	1.0565067748132085e-09	8.607487817126323e-20	4.0046664081607085e-07	1.74965280599937e-14	4.420854144853678e-24	4.362694687475928e-07	0.0006861155346648745	0.005790728154607039	2.6181243614267946e-06	6.908489371991068e-11	2.3777382231597762e-06	1.1320034516982312e-05	0.9933393589423914	CTGTATTTCCATTCGC
4.7818624069337055e-05	1.17188610832492e-13	0.00017049416693992798	1.1866794940454324e-10	1.0445653333673308e-37	3.937089721262363e-08	1.5634623386287958e-17	2.1583927285038007e-26	1.7060936728723814e-06	4.6036044449522136e-07	0.005794421470638746	2.5070266725067866e-11	4.603130371532438e-22	3.224945426150034e-07	1.1828270880627012e-05	0.993972909004034	CTACCCATCGACCATA
2.5047757922069275e-07	2.8407142926495176e-17	0.00017437812401578878	4.7746894273522006e-12	1.1089421764418114e-26	1.171331635625969e-08	4.069044151627109e-16	1.6513056980781066e-07	3.215587245152396e-07	3.5951201908062e-05	0.005794472296224488	3.4297569545471524e-11	1.5727422047435715e-18	5.234422627158141e-07	1.2298410169349523e-05	0.9939816276061528	CACTGAATCCGAGCTG
2.6762266208469864e-25	3.826292762059287e-33	1.8739041855911735e-22	2.841836898581904e-23	1.0	1.647910416770421e-20	5.043258833278637e-27	1.0465639139941898e-45	1.375865504989587e-25	1.753908581157502e-23	6.3637385947523845e-21	4.8144979158789494e-23	2.1895723753816767e-29	2.5300135377029514e-22	1.300780185693428e-23	1.0916333572245297e-18	TGATCAGCAACGACAG
8.629895773762456e-06	6.1321815718540005e-18	0.00016086090662457126	2.5341091012807447e-11	3.1919449749101487e-25	9.34045771553992e-10	1.1445510234305052e-18	1.7216010390154604e-19	1.982319792333056e-07	1.2548986443817756e-07	0.005794721838445349	3.805558550143472e-11	2.4291705362992023e-17	3.319140770613074e-07	1.0696739695082406e-05	0.9940244339861247	CTGTGAATCCGGCAAC
7.537928889875473e-07	1.2943903723204986e-18	0.00015673081191883593	2.685502210522998e-07	7.835890436760577e-30	1.3595440795266493e-06	1.3033669225102388e-06	5.322468988514324e-12	4.3700599143057055e-07	3.491023305766807e-06	0.005794678321583491	4.5494665838119376e-10	1.2485365575177506e-15	1.063272558980564e-07	2.390167579776454e-05	0.9940169691197889	CTTTCGGTCTCGCTCA
8.44741821161631e-06	3.741672429192594e-18	0.0001787002564409685	5.731305811414621e-10	6.406506906556619e-33	7.601937603089867e-10	1.0583540621573803e-17	9.936302576071118e-30	4.231841305307469e-08	1.675307357672918e-07	0.005794609220930699	4.52803671121455e-09	1.5370077064418956e-16	8.076124034950033e-08	1.2831013235991579e-05	0.9940051156194493	AAGCATCAGCCTGACC
5.510716312676854e-06	5.476280566199835e-19	0.0004961281415335444	4.525576086039001e-12	4.540153688466771e-31	4.938865073268515e-09	1.9628225080535057e-17	3.0906328588056562e-25	5.233036783734961e-06	6.0224585337444875e-06	0.005792611451171847	2.303161588083382e-10	2.0672894597065265e-22	1.9667678612385575e-07	3.187340884536858e-05	0.9936624189363052	TCAAGTGAGACTTCAC
8.181408119112345e-19	5.242528609508732e-31	9.531602814610011e-17	2.37945227499161e-23	1.2479072622187569e-38	0.9999999999994316	3.512821383346811e-31	1.3973094969473946e-41	1.0746052698532141e-17	9.586557917325775e-20	3.4550604780463766e-15	3.098633648230263e-22	2.9253354640930708e-37	4.1731829097441003e-17	6.309576099991865e-18	5.926797923745187e-13	CTCATCGGTTGTAAAG
7.453618259299653e-41	1.6174928359225591e-49	6.4503802312507e-39	2.6636381240832223e-40	6.619968548416077e-42	1.0	2.809489771135414e-43	2.590334225810813e-66	3.076651449573488e-40	3.4067113268662896e-42	2.053642424929854e-37	4.8553999031026554e-45	2.2184691720356784e-51	8.623269481155903e-28	1.9877301291097835e-38	3.5228105955099037e-35	AAGAACAGTTGTGCAT
1.8261383166207085e-07	6.45398281394494e-19	0.001239514998896288	1.5519905874116299e-12	4.768418005452653e-29	4.5460317598179895e-09	8.486308265732495e-18	1.107942754033372e-25	5.273701774042091e-07	9.28952320796382e-07	0.005788418412333989	1.9131208935429828e-07	2.477629077895803e-26	7.480286629586856e-07	2.633715416196843e-05	0.9929431466099219	CATACTTGTATACCCA
3.5180504268345826e-12	1.7317793476118923e-24	3.301206080005456e-09	1.1397447882273854e-15	7.286719615387642e-22	0.9999806392244276	1.9663012401620945e-11	3.2082919549344545e-29	3.597000993582287e-11	2.6779835244802472e-11	1.1216241525682433e-07	4.696923514477555e-09	8.961321481704648e-16	9.30228350234864e-13	2.2907422592227898e-10	1.924029909433814e-05	GATAGAATCACCGACG
4.425698247015116e-09	2.8321686298021085e-19	8.993035912761476e-07	9.563734949169893e-12	1.1536032760474652e-21	0.9981388023808833	1.3068764301325386e-17	2.1756908635238776e-34	6.693140420082269e-09	1.2245417334765682e-08	1.059206776858261e-05	1.0421462527570071e-12	1.5798457859007432e-12	3.270265460038024e-05	2.084195277974156e-08	0.001816959374745888	GAGGGTAAGATTGTGA
2.5012642755189396e-06	6.990411216793866e-15	0.00016000681079183715	4.3371765026592404e-10	1.0013478708948032e-30	8.633576066805499e-09	7.770032861449242e-13	1.7910249253636435e-22	1.72189582049866e-06	1.0226926045099857e-06	0.005794698525647562	8.940510855644407e-06	1.285865114622392e-13	6.540347702316957e-08	1.0598910877611945e-05	0.9940204349174427	CCTGTTGCACCTGATA
1.3982030481592893e-06	5.5318209740447216e-17	0.00017210370975416085	7.813420211613538e-12	1.8507029967427337e-33	6.362433232824447e-07	1.9822908176475897e-19	3.1947525239523076e-29	4.890437368234492e-07	3.613813432808905e-07	0.005794382208642295	1.5621594368232003e-10	2.3675556588019037e-16	5.243283368718224e-05	1.2022196723673717e-05	0.9939661740157314	ATGCCTCCAATACCCA
8.602239273307117e-05	3.8636360178772894e-15	0.00017416326069948982	1.2651526104151333e-12	4.117913800543086e-35	2.931207140277824e-10	4.291171974179827e-09	4.502854473299527e-19	4.043000657035184e-06	1.249299603650465e-07	0.005794166481054288	1.1220313953091757e-09	5.624132557358743e-17	3.338731310659096e-08	1.227265465769983e-05	0.9939291681853323	GACGCTGCAGAAGTGC
3.2499903803883685e-07	4.553640999753318e-17	0.0001626992442193893	1.8124672987219233e-10	2.3118382872968587e-28	4.259692524213246e-09	3.0245236206729985e-19	3.7510590221263786e-30	1.7662711119806933e-06	1.105966326590764e-07	0.00579473886745497	1.4511619324603958e-10	1.762570128937859e-15	2.0916050849116817e-06	1.0908694305065956e-05	0.9940273551361162	TCCACGTTCGAACACT
4.119079839646976e-06	1.5800563272508102e-15	0.0001715608792339855	3.4276623466765367e-13	3.725637809027748e-28	2.0602279276988913e-07	5.1485882212472765e-15	1.4762288016640905e-19	4.5534295158497446e-07	2.546489464813323e-06	0.005794663260634792	1.5479002898428438e-09	1.1050697350257219e-15	1.0556699937989375e-07	1.1956239605577895e-05	0.9940143855702375	AGGGTCCCAGGGTCTC
4.512334945114466e-06	2.132140754567789e-19	0.00018130422668835393	4.8117010724394837e-11	1.5282882352604962e-23	0.008323769324803495	2.222175800101373e-15	5.087571714895369e-27	1.2928051398046026e-07	3.7578147319651317e-07	0.005746370183736136	3.749699095701393e-08	3.632153809447303e-15	5.432500269235613e-08	1.3237919149718135e-05	0.9857302090785988	TTCCACGAGGCAGTCA
4.2947792687159314e-07	7.286942175029469e-18	0.00017315684177809435	4.150698745774594e-12	2.7366831907540166e-34	3.6372598851887856e-07	6.62073642524851e-20	4.341256536356948e-30	8.436584864250272e-07	3.2685687509197136e-07	0.005794678995574701	1.0563102687246582e-10	2.954665975761551e-26	9.662403111172575e-07	1.2149357300324496e-05	0.9940170847359909	GGGAAGTCACGACAAG
1.6148618020668657e-05	2.0783606060728794e-16	0.0015235904852773062	4.1209165145487315e-12	5.03212015761979e-25	3.83971291273237e-07	8.95924940283524e-20	1.5702824298942115e-30	3.63344921048704e-07	2.8184842785577084e-07	0.005786765285578421	2.1868789379298245e-10	5.178699809099677e-25	9.584242050789e-07	1.1937939785661939e-05	0.9926595698596785	CCCAACTTCCAAGCTA
3.0497168366646716e-14	1.2067836672932288e-21	3.2364274240640503e-13	2.0095128153871184e-10	3.369412588307719e-10	0.9984974416935453	9.992199913636484e-19	2.600810200064096e-40	3.7173401059406265e-15	4.3256294930360744e-13	1.0076180960011225e-11	1.4202062452744878e-18	1.5230911892850643e-23	0.0015025560292257574	2.394315229421068e-14	1.7284643430277376e-09	AAGCGAGCACAACGAG
1.807060137263042e-19	2.1068012281103976e-28	8.247497955112224e-16	6.595025844028276e-25	1.9164015213689805e-46	3.7299765966953705e-19	2.1410928933088798e-11	0.9999999999781153	1.4753940137242712e-19	7.351238499661589e-16	2.85389468603858e-15	7.68153447566716e-21	2.9687145908198744e-23	7.084340136665684e-17	6.392646702974215e-18	4.89556035481178e-13	CAAGAGGCAGAACCGA
1.6891356333769247e-16	1.05023388922832e-26	1.5021971197947075e-16	7.483750795827967e-23	3.163816555489203e-27	0.9999999999991473	1.5441610346484707e-21	3.5470849148403815e-36	8.606184165590063e-20	9.520157288252037e-20	4.83244666180578e-15	3.1303628356243222e-24	1.4318600137631712e-15	6.719890937921553e-15	1.0849242061696425e-17	8.289561072457563e-13	AAAGTCCCAACCGGAA
1.7664413814270948e-06	8.45288742240891e-12	0.001616185716245657	1.59522432482491e-10	3.0247861185587494e-24	5.337930744471426e-07	9.529416018255613e-14	3.006550202881833e-26	7.022697010453748e-07	7.587890308532264e-06	0.005786131115921542	2.0842771462034813e-05	8.074385511525118e-23	2.888349605121918e-06	1.2576852180974771e-05	0.9925507846320515	TCGCACTTCACGATCA
2.963005840078254e-05	4.439234878037746e-15	0.0001585379109112309	2.9031160948099825e-12	7.926759009241352e-29	5.6144191548316615e-08	1.911705977732161e-17	1.980006933201944e-22	1.979514656086832e-06	5.70288369304248e-08	0.005794606314279526	2.785079058155199e-10	1.0566217795225692e-25	8.408488616979524e-08	1.0431648835683703e-05	0.9940046170135856	TCATGTTTCGAACTCA
2.2395966114409596e-06	2.9164748110570657e-16	0.00016325936246164885	8.656542600412172e-12	3.9529768163849414e-29	8.276658202781726e-09	1.6257550942173087e-17	1.0906835887595196e-40	1.529939130713457e-06	1.3552203914918407e-07	0.005794728148307104	6.056968964918115e-09	7.214894799042973e-17	1.6030489201234126e-06	1.0973662791229421e-05	0.9940255163774688	GAGGGATGTCATCTAG
2.0428030752836227e-07	7.299687510120973e-19	0.00017894478642365984	1.8441101374529867e-11	1.2753536369531965e-28	2.0035938394687585e-05	1.7022897628655366e-05	7.33221447436104e-12	1.5042712203599066e-07	1.045875439182909e-05	0.0057943767238573625	6.845627854573954e-10	1.3981306864035615e-10	7.103469971513078e-07	1.2861836940927469e-05	0.9939652331577591	TTACGCCGTCAAGCCC
